{
 "cells": [
  {
   "cell_type": "markdown",
   "metadata": {},
   "source": [
    "# Multicollinearity of Features - Lab"
   ]
  },
  {
   "cell_type": "markdown",
   "metadata": {},
   "source": [
    "## Introduction\n",
    "\n",
    "In this lab you'll identify multicollinearity in the Boston Housing Data set."
   ]
  },
  {
   "cell_type": "markdown",
   "metadata": {},
   "source": [
    "## Objectives\n",
    "You will be able to:\n",
    "* Plot heatmaps for the predictors of the Boston dataset\n",
    "* Understand and calculate correlation matrices"
   ]
  },
  {
   "cell_type": "markdown",
   "metadata": {},
   "source": [
    "## Correlation matrix for the Boston Housing data"
   ]
  },
  {
   "cell_type": "markdown",
   "metadata": {},
   "source": [
    "Let's reimport the Boston Housing data and let's use the data with the categorical variables for `tax_dummy` and `rad_dummy`"
   ]
  },
  {
   "cell_type": "code",
   "execution_count": 2,
   "metadata": {},
   "outputs": [],
   "source": [
    "import pandas as pd\n",
    "from sklearn.datasets import load_boston\n",
    "boston = load_boston()\n",
    "\n",
    "boston_features = pd.DataFrame(boston.data, columns = boston.feature_names)\n",
    "\n",
    "# first, create bins for based on the values observed. 5 values will result in 4 bins\n",
    "bins = [0, 3, 4 , 5, 24]\n",
    "bins_rad = pd.cut(boston_features['RAD'], bins)\n",
    "bins_rad = bins_rad.cat.as_unordered()\n",
    "\n",
    "# first, create bins for based on the values observed. 5 values will result in 4 bins\n",
    "bins = [0, 250, 300, 360, 460, 712]\n",
    "bins_tax = pd.cut(boston_features['TAX'], bins)\n",
    "bins_tax = bins_tax.cat.as_unordered()\n",
    "\n",
    "tax_dummy = pd.get_dummies(bins_tax, prefix=\"TAX\")\n",
    "rad_dummy = pd.get_dummies(bins_rad, prefix=\"RAD\")\n",
    "boston_features = boston_features.drop([\"RAD\",\"TAX\"], axis=1)\n",
    "boston_features = pd.concat([boston_features, rad_dummy, tax_dummy], axis=1)"
   ]
  },
  {
   "cell_type": "code",
   "execution_count": 3,
   "metadata": {},
   "outputs": [
    {
     "data": {
      "text/html": [
       "<div>\n",
       "<style scoped>\n",
       "    .dataframe tbody tr th:only-of-type {\n",
       "        vertical-align: middle;\n",
       "    }\n",
       "\n",
       "    .dataframe tbody tr th {\n",
       "        vertical-align: top;\n",
       "    }\n",
       "\n",
       "    .dataframe thead th {\n",
       "        text-align: right;\n",
       "    }\n",
       "</style>\n",
       "<table border=\"1\" class=\"dataframe\">\n",
       "  <thead>\n",
       "    <tr style=\"text-align: right;\">\n",
       "      <th></th>\n",
       "      <th>CRIM</th>\n",
       "      <th>ZN</th>\n",
       "      <th>INDUS</th>\n",
       "      <th>CHAS</th>\n",
       "      <th>NOX</th>\n",
       "      <th>RM</th>\n",
       "      <th>AGE</th>\n",
       "      <th>DIS</th>\n",
       "      <th>PTRATIO</th>\n",
       "      <th>B</th>\n",
       "      <th>LSTAT</th>\n",
       "      <th>RAD_(0, 3]</th>\n",
       "      <th>RAD_(3, 4]</th>\n",
       "      <th>RAD_(4, 5]</th>\n",
       "      <th>RAD_(5, 24]</th>\n",
       "      <th>TAX_(0, 250]</th>\n",
       "      <th>TAX_(250, 300]</th>\n",
       "      <th>TAX_(300, 360]</th>\n",
       "      <th>TAX_(360, 460]</th>\n",
       "      <th>TAX_(460, 712]</th>\n",
       "    </tr>\n",
       "  </thead>\n",
       "  <tbody>\n",
       "    <tr>\n",
       "      <th>0</th>\n",
       "      <td>0.00632</td>\n",
       "      <td>18.0</td>\n",
       "      <td>2.31</td>\n",
       "      <td>0.0</td>\n",
       "      <td>0.538</td>\n",
       "      <td>6.575</td>\n",
       "      <td>65.2</td>\n",
       "      <td>4.0900</td>\n",
       "      <td>15.3</td>\n",
       "      <td>396.90</td>\n",
       "      <td>4.98</td>\n",
       "      <td>1</td>\n",
       "      <td>0</td>\n",
       "      <td>0</td>\n",
       "      <td>0</td>\n",
       "      <td>0</td>\n",
       "      <td>1</td>\n",
       "      <td>0</td>\n",
       "      <td>0</td>\n",
       "      <td>0</td>\n",
       "    </tr>\n",
       "    <tr>\n",
       "      <th>1</th>\n",
       "      <td>0.02731</td>\n",
       "      <td>0.0</td>\n",
       "      <td>7.07</td>\n",
       "      <td>0.0</td>\n",
       "      <td>0.469</td>\n",
       "      <td>6.421</td>\n",
       "      <td>78.9</td>\n",
       "      <td>4.9671</td>\n",
       "      <td>17.8</td>\n",
       "      <td>396.90</td>\n",
       "      <td>9.14</td>\n",
       "      <td>1</td>\n",
       "      <td>0</td>\n",
       "      <td>0</td>\n",
       "      <td>0</td>\n",
       "      <td>1</td>\n",
       "      <td>0</td>\n",
       "      <td>0</td>\n",
       "      <td>0</td>\n",
       "      <td>0</td>\n",
       "    </tr>\n",
       "    <tr>\n",
       "      <th>2</th>\n",
       "      <td>0.02729</td>\n",
       "      <td>0.0</td>\n",
       "      <td>7.07</td>\n",
       "      <td>0.0</td>\n",
       "      <td>0.469</td>\n",
       "      <td>7.185</td>\n",
       "      <td>61.1</td>\n",
       "      <td>4.9671</td>\n",
       "      <td>17.8</td>\n",
       "      <td>392.83</td>\n",
       "      <td>4.03</td>\n",
       "      <td>1</td>\n",
       "      <td>0</td>\n",
       "      <td>0</td>\n",
       "      <td>0</td>\n",
       "      <td>1</td>\n",
       "      <td>0</td>\n",
       "      <td>0</td>\n",
       "      <td>0</td>\n",
       "      <td>0</td>\n",
       "    </tr>\n",
       "    <tr>\n",
       "      <th>3</th>\n",
       "      <td>0.03237</td>\n",
       "      <td>0.0</td>\n",
       "      <td>2.18</td>\n",
       "      <td>0.0</td>\n",
       "      <td>0.458</td>\n",
       "      <td>6.998</td>\n",
       "      <td>45.8</td>\n",
       "      <td>6.0622</td>\n",
       "      <td>18.7</td>\n",
       "      <td>394.63</td>\n",
       "      <td>2.94</td>\n",
       "      <td>1</td>\n",
       "      <td>0</td>\n",
       "      <td>0</td>\n",
       "      <td>0</td>\n",
       "      <td>1</td>\n",
       "      <td>0</td>\n",
       "      <td>0</td>\n",
       "      <td>0</td>\n",
       "      <td>0</td>\n",
       "    </tr>\n",
       "    <tr>\n",
       "      <th>4</th>\n",
       "      <td>0.06905</td>\n",
       "      <td>0.0</td>\n",
       "      <td>2.18</td>\n",
       "      <td>0.0</td>\n",
       "      <td>0.458</td>\n",
       "      <td>7.147</td>\n",
       "      <td>54.2</td>\n",
       "      <td>6.0622</td>\n",
       "      <td>18.7</td>\n",
       "      <td>396.90</td>\n",
       "      <td>5.33</td>\n",
       "      <td>1</td>\n",
       "      <td>0</td>\n",
       "      <td>0</td>\n",
       "      <td>0</td>\n",
       "      <td>1</td>\n",
       "      <td>0</td>\n",
       "      <td>0</td>\n",
       "      <td>0</td>\n",
       "      <td>0</td>\n",
       "    </tr>\n",
       "  </tbody>\n",
       "</table>\n",
       "</div>"
      ],
      "text/plain": [
       "      CRIM    ZN  INDUS  CHAS    NOX     RM   AGE     DIS  PTRATIO       B  \\\n",
       "0  0.00632  18.0   2.31   0.0  0.538  6.575  65.2  4.0900     15.3  396.90   \n",
       "1  0.02731   0.0   7.07   0.0  0.469  6.421  78.9  4.9671     17.8  396.90   \n",
       "2  0.02729   0.0   7.07   0.0  0.469  7.185  61.1  4.9671     17.8  392.83   \n",
       "3  0.03237   0.0   2.18   0.0  0.458  6.998  45.8  6.0622     18.7  394.63   \n",
       "4  0.06905   0.0   2.18   0.0  0.458  7.147  54.2  6.0622     18.7  396.90   \n",
       "\n",
       "   LSTAT  RAD_(0, 3]  RAD_(3, 4]  RAD_(4, 5]  RAD_(5, 24]  TAX_(0, 250]  \\\n",
       "0   4.98           1           0           0            0             0   \n",
       "1   9.14           1           0           0            0             1   \n",
       "2   4.03           1           0           0            0             1   \n",
       "3   2.94           1           0           0            0             1   \n",
       "4   5.33           1           0           0            0             1   \n",
       "\n",
       "   TAX_(250, 300]  TAX_(300, 360]  TAX_(360, 460]  TAX_(460, 712]  \n",
       "0               1               0               0               0  \n",
       "1               0               0               0               0  \n",
       "2               0               0               0               0  \n",
       "3               0               0               0               0  \n",
       "4               0               0               0               0  "
      ]
     },
     "execution_count": 3,
     "metadata": {},
     "output_type": "execute_result"
    }
   ],
   "source": [
    "boston_features.head()"
   ]
  },
  {
   "cell_type": "markdown",
   "metadata": {},
   "source": [
    "## Scatter matrix"
   ]
  },
  {
   "cell_type": "markdown",
   "metadata": {},
   "source": [
    "Create the scatter matrix for the Boston Housing data."
   ]
  },
  {
   "cell_type": "code",
   "execution_count": 4,
   "metadata": {},
   "outputs": [
    {
     "data": {
      "text/html": [
       "<div>\n",
       "<style scoped>\n",
       "    .dataframe tbody tr th:only-of-type {\n",
       "        vertical-align: middle;\n",
       "    }\n",
       "\n",
       "    .dataframe tbody tr th {\n",
       "        vertical-align: top;\n",
       "    }\n",
       "\n",
       "    .dataframe thead th {\n",
       "        text-align: right;\n",
       "    }\n",
       "</style>\n",
       "<table border=\"1\" class=\"dataframe\">\n",
       "  <thead>\n",
       "    <tr style=\"text-align: right;\">\n",
       "      <th></th>\n",
       "      <th>CRIM</th>\n",
       "      <th>ZN</th>\n",
       "      <th>INDUS</th>\n",
       "      <th>CHAS</th>\n",
       "      <th>NOX</th>\n",
       "      <th>RM</th>\n",
       "      <th>AGE</th>\n",
       "      <th>DIS</th>\n",
       "      <th>PTRATIO</th>\n",
       "      <th>B</th>\n",
       "      <th>LSTAT</th>\n",
       "      <th>RAD_(0, 3]</th>\n",
       "      <th>RAD_(3, 4]</th>\n",
       "      <th>RAD_(4, 5]</th>\n",
       "      <th>RAD_(5, 24]</th>\n",
       "      <th>TAX_(0, 250]</th>\n",
       "      <th>TAX_(250, 300]</th>\n",
       "      <th>TAX_(300, 360]</th>\n",
       "      <th>TAX_(360, 460]</th>\n",
       "      <th>TAX_(460, 712]</th>\n",
       "    </tr>\n",
       "  </thead>\n",
       "  <tbody>\n",
       "    <tr>\n",
       "      <th>CRIM</th>\n",
       "      <td>1.000000</td>\n",
       "      <td>-0.200469</td>\n",
       "      <td>0.406583</td>\n",
       "      <td>-0.055892</td>\n",
       "      <td>0.420972</td>\n",
       "      <td>-0.219247</td>\n",
       "      <td>0.352734</td>\n",
       "      <td>-0.379670</td>\n",
       "      <td>0.289946</td>\n",
       "      <td>-0.385064</td>\n",
       "      <td>0.455621</td>\n",
       "      <td>-0.180924</td>\n",
       "      <td>-0.197472</td>\n",
       "      <td>-0.184650</td>\n",
       "      <td>0.461645</td>\n",
       "      <td>-0.163074</td>\n",
       "      <td>-0.202608</td>\n",
       "      <td>-0.186193</td>\n",
       "      <td>-0.155891</td>\n",
       "      <td>0.612627</td>\n",
       "    </tr>\n",
       "    <tr>\n",
       "      <th>ZN</th>\n",
       "      <td>-0.200469</td>\n",
       "      <td>1.000000</td>\n",
       "      <td>-0.533828</td>\n",
       "      <td>-0.042697</td>\n",
       "      <td>-0.516604</td>\n",
       "      <td>0.311991</td>\n",
       "      <td>-0.569537</td>\n",
       "      <td>0.664408</td>\n",
       "      <td>-0.391679</td>\n",
       "      <td>0.175520</td>\n",
       "      <td>-0.412995</td>\n",
       "      <td>0.225272</td>\n",
       "      <td>0.076190</td>\n",
       "      <td>-0.005934</td>\n",
       "      <td>-0.229186</td>\n",
       "      <td>0.123437</td>\n",
       "      <td>0.140942</td>\n",
       "      <td>0.151576</td>\n",
       "      <td>-0.084612</td>\n",
       "      <td>-0.284384</td>\n",
       "    </tr>\n",
       "    <tr>\n",
       "      <th>INDUS</th>\n",
       "      <td>0.406583</td>\n",
       "      <td>-0.533828</td>\n",
       "      <td>1.000000</td>\n",
       "      <td>0.062938</td>\n",
       "      <td>0.763651</td>\n",
       "      <td>-0.391676</td>\n",
       "      <td>0.644779</td>\n",
       "      <td>-0.708027</td>\n",
       "      <td>0.383248</td>\n",
       "      <td>-0.356977</td>\n",
       "      <td>0.603800</td>\n",
       "      <td>-0.323051</td>\n",
       "      <td>-0.030002</td>\n",
       "      <td>-0.108959</td>\n",
       "      <td>0.362516</td>\n",
       "      <td>-0.265447</td>\n",
       "      <td>-0.330365</td>\n",
       "      <td>-0.332186</td>\n",
       "      <td>0.179166</td>\n",
       "      <td>0.644249</td>\n",
       "    </tr>\n",
       "    <tr>\n",
       "      <th>CHAS</th>\n",
       "      <td>-0.055892</td>\n",
       "      <td>-0.042697</td>\n",
       "      <td>0.062938</td>\n",
       "      <td>1.000000</td>\n",
       "      <td>0.091203</td>\n",
       "      <td>0.091251</td>\n",
       "      <td>0.086518</td>\n",
       "      <td>-0.099176</td>\n",
       "      <td>-0.121515</td>\n",
       "      <td>0.048788</td>\n",
       "      <td>-0.053929</td>\n",
       "      <td>-0.056473</td>\n",
       "      <td>0.007389</td>\n",
       "      <td>0.056601</td>\n",
       "      <td>-0.012195</td>\n",
       "      <td>-0.017537</td>\n",
       "      <td>0.074966</td>\n",
       "      <td>-0.038702</td>\n",
       "      <td>0.008553</td>\n",
       "      <td>-0.027027</td>\n",
       "    </tr>\n",
       "    <tr>\n",
       "      <th>NOX</th>\n",
       "      <td>0.420972</td>\n",
       "      <td>-0.516604</td>\n",
       "      <td>0.763651</td>\n",
       "      <td>0.091203</td>\n",
       "      <td>1.000000</td>\n",
       "      <td>-0.302188</td>\n",
       "      <td>0.731470</td>\n",
       "      <td>-0.769230</td>\n",
       "      <td>0.188933</td>\n",
       "      <td>-0.380051</td>\n",
       "      <td>0.590879</td>\n",
       "      <td>-0.342690</td>\n",
       "      <td>-0.229389</td>\n",
       "      <td>0.075839</td>\n",
       "      <td>0.387153</td>\n",
       "      <td>-0.290176</td>\n",
       "      <td>-0.282659</td>\n",
       "      <td>-0.311681</td>\n",
       "      <td>0.180592</td>\n",
       "      <td>0.600519</td>\n",
       "    </tr>\n",
       "    <tr>\n",
       "      <th>RM</th>\n",
       "      <td>-0.219247</td>\n",
       "      <td>0.311991</td>\n",
       "      <td>-0.391676</td>\n",
       "      <td>0.091251</td>\n",
       "      <td>-0.302188</td>\n",
       "      <td>1.000000</td>\n",
       "      <td>-0.240265</td>\n",
       "      <td>0.205246</td>\n",
       "      <td>-0.355501</td>\n",
       "      <td>0.128069</td>\n",
       "      <td>-0.613808</td>\n",
       "      <td>0.163132</td>\n",
       "      <td>-0.113768</td>\n",
       "      <td>0.083847</td>\n",
       "      <td>-0.098933</td>\n",
       "      <td>0.136432</td>\n",
       "      <td>0.168673</td>\n",
       "      <td>0.059543</td>\n",
       "      <td>-0.076881</td>\n",
       "      <td>-0.243649</td>\n",
       "    </tr>\n",
       "    <tr>\n",
       "      <th>AGE</th>\n",
       "      <td>0.352734</td>\n",
       "      <td>-0.569537</td>\n",
       "      <td>0.644779</td>\n",
       "      <td>0.086518</td>\n",
       "      <td>0.731470</td>\n",
       "      <td>-0.240265</td>\n",
       "      <td>1.000000</td>\n",
       "      <td>-0.747881</td>\n",
       "      <td>0.261515</td>\n",
       "      <td>-0.273534</td>\n",
       "      <td>0.602339</td>\n",
       "      <td>-0.246847</td>\n",
       "      <td>-0.144934</td>\n",
       "      <td>0.012508</td>\n",
       "      <td>0.297870</td>\n",
       "      <td>-0.228700</td>\n",
       "      <td>-0.231845</td>\n",
       "      <td>-0.205463</td>\n",
       "      <td>0.126656</td>\n",
       "      <td>0.459175</td>\n",
       "    </tr>\n",
       "    <tr>\n",
       "      <th>DIS</th>\n",
       "      <td>-0.379670</td>\n",
       "      <td>0.664408</td>\n",
       "      <td>-0.708027</td>\n",
       "      <td>-0.099176</td>\n",
       "      <td>-0.769230</td>\n",
       "      <td>0.205246</td>\n",
       "      <td>-0.747881</td>\n",
       "      <td>1.000000</td>\n",
       "      <td>-0.232471</td>\n",
       "      <td>0.291512</td>\n",
       "      <td>-0.496996</td>\n",
       "      <td>0.263248</td>\n",
       "      <td>0.159835</td>\n",
       "      <td>-0.025191</td>\n",
       "      <td>-0.311943</td>\n",
       "      <td>0.203081</td>\n",
       "      <td>0.159853</td>\n",
       "      <td>0.392246</td>\n",
       "      <td>-0.179574</td>\n",
       "      <td>-0.495579</td>\n",
       "    </tr>\n",
       "    <tr>\n",
       "      <th>PTRATIO</th>\n",
       "      <td>0.289946</td>\n",
       "      <td>-0.391679</td>\n",
       "      <td>0.383248</td>\n",
       "      <td>-0.121515</td>\n",
       "      <td>0.188933</td>\n",
       "      <td>-0.355501</td>\n",
       "      <td>0.261515</td>\n",
       "      <td>-0.232471</td>\n",
       "      <td>1.000000</td>\n",
       "      <td>-0.177383</td>\n",
       "      <td>0.374044</td>\n",
       "      <td>-0.140482</td>\n",
       "      <td>0.165909</td>\n",
       "      <td>-0.478578</td>\n",
       "      <td>0.376461</td>\n",
       "      <td>-0.072776</td>\n",
       "      <td>-0.265111</td>\n",
       "      <td>-0.050772</td>\n",
       "      <td>-0.174969</td>\n",
       "      <td>0.494745</td>\n",
       "    </tr>\n",
       "    <tr>\n",
       "      <th>B</th>\n",
       "      <td>-0.385064</td>\n",
       "      <td>0.175520</td>\n",
       "      <td>-0.356977</td>\n",
       "      <td>0.048788</td>\n",
       "      <td>-0.380051</td>\n",
       "      <td>0.128069</td>\n",
       "      <td>-0.273534</td>\n",
       "      <td>0.291512</td>\n",
       "      <td>-0.177383</td>\n",
       "      <td>1.000000</td>\n",
       "      <td>-0.366087</td>\n",
       "      <td>0.160177</td>\n",
       "      <td>0.150520</td>\n",
       "      <td>0.074438</td>\n",
       "      <td>-0.311795</td>\n",
       "      <td>0.150107</td>\n",
       "      <td>0.194231</td>\n",
       "      <td>0.133179</td>\n",
       "      <td>0.028226</td>\n",
       "      <td>-0.435540</td>\n",
       "    </tr>\n",
       "    <tr>\n",
       "      <th>LSTAT</th>\n",
       "      <td>0.455621</td>\n",
       "      <td>-0.412995</td>\n",
       "      <td>0.603800</td>\n",
       "      <td>-0.053929</td>\n",
       "      <td>0.590879</td>\n",
       "      <td>-0.613808</td>\n",
       "      <td>0.602339</td>\n",
       "      <td>-0.496996</td>\n",
       "      <td>0.374044</td>\n",
       "      <td>-0.366087</td>\n",
       "      <td>1.000000</td>\n",
       "      <td>-0.229038</td>\n",
       "      <td>-0.033539</td>\n",
       "      <td>-0.151724</td>\n",
       "      <td>0.331269</td>\n",
       "      <td>-0.195353</td>\n",
       "      <td>-0.267393</td>\n",
       "      <td>-0.158346</td>\n",
       "      <td>0.022721</td>\n",
       "      <td>0.514464</td>\n",
       "    </tr>\n",
       "    <tr>\n",
       "      <th>RAD_(0, 3]</th>\n",
       "      <td>-0.180924</td>\n",
       "      <td>0.225272</td>\n",
       "      <td>-0.323051</td>\n",
       "      <td>-0.056473</td>\n",
       "      <td>-0.342690</td>\n",
       "      <td>0.163132</td>\n",
       "      <td>-0.246847</td>\n",
       "      <td>0.263248</td>\n",
       "      <td>-0.140482</td>\n",
       "      <td>0.160177</td>\n",
       "      <td>-0.229038</td>\n",
       "      <td>1.000000</td>\n",
       "      <td>-0.231778</td>\n",
       "      <td>-0.238498</td>\n",
       "      <td>-0.354064</td>\n",
       "      <td>0.481618</td>\n",
       "      <td>0.070704</td>\n",
       "      <td>-0.031767</td>\n",
       "      <td>-0.170229</td>\n",
       "      <td>-0.257260</td>\n",
       "    </tr>\n",
       "    <tr>\n",
       "      <th>RAD_(3, 4]</th>\n",
       "      <td>-0.197472</td>\n",
       "      <td>0.076190</td>\n",
       "      <td>-0.030002</td>\n",
       "      <td>0.007389</td>\n",
       "      <td>-0.229389</td>\n",
       "      <td>-0.113768</td>\n",
       "      <td>-0.144934</td>\n",
       "      <td>0.159835</td>\n",
       "      <td>0.165909</td>\n",
       "      <td>0.150520</td>\n",
       "      <td>-0.033539</td>\n",
       "      <td>-0.231778</td>\n",
       "      <td>1.000000</td>\n",
       "      <td>-0.285831</td>\n",
       "      <td>-0.424332</td>\n",
       "      <td>-0.083771</td>\n",
       "      <td>0.090541</td>\n",
       "      <td>0.288214</td>\n",
       "      <td>-0.008002</td>\n",
       "      <td>-0.268957</td>\n",
       "    </tr>\n",
       "    <tr>\n",
       "      <th>RAD_(4, 5]</th>\n",
       "      <td>-0.184650</td>\n",
       "      <td>-0.005934</td>\n",
       "      <td>-0.108959</td>\n",
       "      <td>0.056601</td>\n",
       "      <td>0.075839</td>\n",
       "      <td>0.083847</td>\n",
       "      <td>0.012508</td>\n",
       "      <td>-0.025191</td>\n",
       "      <td>-0.478578</td>\n",
       "      <td>0.074438</td>\n",
       "      <td>-0.151724</td>\n",
       "      <td>-0.238498</td>\n",
       "      <td>-0.285831</td>\n",
       "      <td>1.000000</td>\n",
       "      <td>-0.436634</td>\n",
       "      <td>-0.023111</td>\n",
       "      <td>0.147468</td>\n",
       "      <td>-0.152844</td>\n",
       "      <td>0.403455</td>\n",
       "      <td>-0.332106</td>\n",
       "    </tr>\n",
       "    <tr>\n",
       "      <th>RAD_(5, 24]</th>\n",
       "      <td>0.461645</td>\n",
       "      <td>-0.229186</td>\n",
       "      <td>0.362516</td>\n",
       "      <td>-0.012195</td>\n",
       "      <td>0.387153</td>\n",
       "      <td>-0.098933</td>\n",
       "      <td>0.297870</td>\n",
       "      <td>-0.311943</td>\n",
       "      <td>0.376461</td>\n",
       "      <td>-0.311795</td>\n",
       "      <td>0.331269</td>\n",
       "      <td>-0.354064</td>\n",
       "      <td>-0.424332</td>\n",
       "      <td>-0.436634</td>\n",
       "      <td>1.000000</td>\n",
       "      <td>-0.272762</td>\n",
       "      <td>-0.256306</td>\n",
       "      <td>-0.088277</td>\n",
       "      <td>-0.210953</td>\n",
       "      <td>0.706098</td>\n",
       "    </tr>\n",
       "    <tr>\n",
       "      <th>TAX_(0, 250]</th>\n",
       "      <td>-0.163074</td>\n",
       "      <td>0.123437</td>\n",
       "      <td>-0.265447</td>\n",
       "      <td>-0.017537</td>\n",
       "      <td>-0.290176</td>\n",
       "      <td>0.136432</td>\n",
       "      <td>-0.228700</td>\n",
       "      <td>0.203081</td>\n",
       "      <td>-0.072776</td>\n",
       "      <td>0.150107</td>\n",
       "      <td>-0.195353</td>\n",
       "      <td>0.481618</td>\n",
       "      <td>-0.083771</td>\n",
       "      <td>-0.023111</td>\n",
       "      <td>-0.272762</td>\n",
       "      <td>1.000000</td>\n",
       "      <td>-0.200886</td>\n",
       "      <td>-0.198434</td>\n",
       "      <td>-0.191040</td>\n",
       "      <td>-0.243332</td>\n",
       "    </tr>\n",
       "    <tr>\n",
       "      <th>TAX_(250, 300]</th>\n",
       "      <td>-0.202608</td>\n",
       "      <td>0.140942</td>\n",
       "      <td>-0.330365</td>\n",
       "      <td>0.074966</td>\n",
       "      <td>-0.282659</td>\n",
       "      <td>0.168673</td>\n",
       "      <td>-0.231845</td>\n",
       "      <td>0.159853</td>\n",
       "      <td>-0.265111</td>\n",
       "      <td>0.194231</td>\n",
       "      <td>-0.267393</td>\n",
       "      <td>0.070704</td>\n",
       "      <td>0.090541</td>\n",
       "      <td>0.147468</td>\n",
       "      <td>-0.256306</td>\n",
       "      <td>-0.200886</td>\n",
       "      <td>1.000000</td>\n",
       "      <td>-0.252464</td>\n",
       "      <td>-0.243056</td>\n",
       "      <td>-0.309586</td>\n",
       "    </tr>\n",
       "    <tr>\n",
       "      <th>TAX_(300, 360]</th>\n",
       "      <td>-0.186193</td>\n",
       "      <td>0.151576</td>\n",
       "      <td>-0.332186</td>\n",
       "      <td>-0.038702</td>\n",
       "      <td>-0.311681</td>\n",
       "      <td>0.059543</td>\n",
       "      <td>-0.205463</td>\n",
       "      <td>0.392246</td>\n",
       "      <td>-0.050772</td>\n",
       "      <td>0.133179</td>\n",
       "      <td>-0.158346</td>\n",
       "      <td>-0.031767</td>\n",
       "      <td>0.288214</td>\n",
       "      <td>-0.152844</td>\n",
       "      <td>-0.088277</td>\n",
       "      <td>-0.198434</td>\n",
       "      <td>-0.252464</td>\n",
       "      <td>1.000000</td>\n",
       "      <td>-0.240090</td>\n",
       "      <td>-0.305808</td>\n",
       "    </tr>\n",
       "    <tr>\n",
       "      <th>TAX_(360, 460]</th>\n",
       "      <td>-0.155891</td>\n",
       "      <td>-0.084612</td>\n",
       "      <td>0.179166</td>\n",
       "      <td>0.008553</td>\n",
       "      <td>0.180592</td>\n",
       "      <td>-0.076881</td>\n",
       "      <td>0.126656</td>\n",
       "      <td>-0.179574</td>\n",
       "      <td>-0.174969</td>\n",
       "      <td>0.028226</td>\n",
       "      <td>0.022721</td>\n",
       "      <td>-0.170229</td>\n",
       "      <td>-0.008002</td>\n",
       "      <td>0.403455</td>\n",
       "      <td>-0.210953</td>\n",
       "      <td>-0.191040</td>\n",
       "      <td>-0.243056</td>\n",
       "      <td>-0.240090</td>\n",
       "      <td>1.000000</td>\n",
       "      <td>-0.294413</td>\n",
       "    </tr>\n",
       "    <tr>\n",
       "      <th>TAX_(460, 712]</th>\n",
       "      <td>0.612627</td>\n",
       "      <td>-0.284384</td>\n",
       "      <td>0.644249</td>\n",
       "      <td>-0.027027</td>\n",
       "      <td>0.600519</td>\n",
       "      <td>-0.243649</td>\n",
       "      <td>0.459175</td>\n",
       "      <td>-0.495579</td>\n",
       "      <td>0.494745</td>\n",
       "      <td>-0.435540</td>\n",
       "      <td>0.514464</td>\n",
       "      <td>-0.257260</td>\n",
       "      <td>-0.268957</td>\n",
       "      <td>-0.332106</td>\n",
       "      <td>0.706098</td>\n",
       "      <td>-0.243332</td>\n",
       "      <td>-0.309586</td>\n",
       "      <td>-0.305808</td>\n",
       "      <td>-0.294413</td>\n",
       "      <td>1.000000</td>\n",
       "    </tr>\n",
       "  </tbody>\n",
       "</table>\n",
       "</div>"
      ],
      "text/plain": [
       "                    CRIM        ZN     INDUS      CHAS       NOX        RM  \\\n",
       "CRIM            1.000000 -0.200469  0.406583 -0.055892  0.420972 -0.219247   \n",
       "ZN             -0.200469  1.000000 -0.533828 -0.042697 -0.516604  0.311991   \n",
       "INDUS           0.406583 -0.533828  1.000000  0.062938  0.763651 -0.391676   \n",
       "CHAS           -0.055892 -0.042697  0.062938  1.000000  0.091203  0.091251   \n",
       "NOX             0.420972 -0.516604  0.763651  0.091203  1.000000 -0.302188   \n",
       "RM             -0.219247  0.311991 -0.391676  0.091251 -0.302188  1.000000   \n",
       "AGE             0.352734 -0.569537  0.644779  0.086518  0.731470 -0.240265   \n",
       "DIS            -0.379670  0.664408 -0.708027 -0.099176 -0.769230  0.205246   \n",
       "PTRATIO         0.289946 -0.391679  0.383248 -0.121515  0.188933 -0.355501   \n",
       "B              -0.385064  0.175520 -0.356977  0.048788 -0.380051  0.128069   \n",
       "LSTAT           0.455621 -0.412995  0.603800 -0.053929  0.590879 -0.613808   \n",
       "RAD_(0, 3]     -0.180924  0.225272 -0.323051 -0.056473 -0.342690  0.163132   \n",
       "RAD_(3, 4]     -0.197472  0.076190 -0.030002  0.007389 -0.229389 -0.113768   \n",
       "RAD_(4, 5]     -0.184650 -0.005934 -0.108959  0.056601  0.075839  0.083847   \n",
       "RAD_(5, 24]     0.461645 -0.229186  0.362516 -0.012195  0.387153 -0.098933   \n",
       "TAX_(0, 250]   -0.163074  0.123437 -0.265447 -0.017537 -0.290176  0.136432   \n",
       "TAX_(250, 300] -0.202608  0.140942 -0.330365  0.074966 -0.282659  0.168673   \n",
       "TAX_(300, 360] -0.186193  0.151576 -0.332186 -0.038702 -0.311681  0.059543   \n",
       "TAX_(360, 460] -0.155891 -0.084612  0.179166  0.008553  0.180592 -0.076881   \n",
       "TAX_(460, 712]  0.612627 -0.284384  0.644249 -0.027027  0.600519 -0.243649   \n",
       "\n",
       "                     AGE       DIS   PTRATIO         B     LSTAT  RAD_(0, 3]  \\\n",
       "CRIM            0.352734 -0.379670  0.289946 -0.385064  0.455621   -0.180924   \n",
       "ZN             -0.569537  0.664408 -0.391679  0.175520 -0.412995    0.225272   \n",
       "INDUS           0.644779 -0.708027  0.383248 -0.356977  0.603800   -0.323051   \n",
       "CHAS            0.086518 -0.099176 -0.121515  0.048788 -0.053929   -0.056473   \n",
       "NOX             0.731470 -0.769230  0.188933 -0.380051  0.590879   -0.342690   \n",
       "RM             -0.240265  0.205246 -0.355501  0.128069 -0.613808    0.163132   \n",
       "AGE             1.000000 -0.747881  0.261515 -0.273534  0.602339   -0.246847   \n",
       "DIS            -0.747881  1.000000 -0.232471  0.291512 -0.496996    0.263248   \n",
       "PTRATIO         0.261515 -0.232471  1.000000 -0.177383  0.374044   -0.140482   \n",
       "B              -0.273534  0.291512 -0.177383  1.000000 -0.366087    0.160177   \n",
       "LSTAT           0.602339 -0.496996  0.374044 -0.366087  1.000000   -0.229038   \n",
       "RAD_(0, 3]     -0.246847  0.263248 -0.140482  0.160177 -0.229038    1.000000   \n",
       "RAD_(3, 4]     -0.144934  0.159835  0.165909  0.150520 -0.033539   -0.231778   \n",
       "RAD_(4, 5]      0.012508 -0.025191 -0.478578  0.074438 -0.151724   -0.238498   \n",
       "RAD_(5, 24]     0.297870 -0.311943  0.376461 -0.311795  0.331269   -0.354064   \n",
       "TAX_(0, 250]   -0.228700  0.203081 -0.072776  0.150107 -0.195353    0.481618   \n",
       "TAX_(250, 300] -0.231845  0.159853 -0.265111  0.194231 -0.267393    0.070704   \n",
       "TAX_(300, 360] -0.205463  0.392246 -0.050772  0.133179 -0.158346   -0.031767   \n",
       "TAX_(360, 460]  0.126656 -0.179574 -0.174969  0.028226  0.022721   -0.170229   \n",
       "TAX_(460, 712]  0.459175 -0.495579  0.494745 -0.435540  0.514464   -0.257260   \n",
       "\n",
       "                RAD_(3, 4]  RAD_(4, 5]  RAD_(5, 24]  TAX_(0, 250]  \\\n",
       "CRIM             -0.197472   -0.184650     0.461645     -0.163074   \n",
       "ZN                0.076190   -0.005934    -0.229186      0.123437   \n",
       "INDUS            -0.030002   -0.108959     0.362516     -0.265447   \n",
       "CHAS              0.007389    0.056601    -0.012195     -0.017537   \n",
       "NOX              -0.229389    0.075839     0.387153     -0.290176   \n",
       "RM               -0.113768    0.083847    -0.098933      0.136432   \n",
       "AGE              -0.144934    0.012508     0.297870     -0.228700   \n",
       "DIS               0.159835   -0.025191    -0.311943      0.203081   \n",
       "PTRATIO           0.165909   -0.478578     0.376461     -0.072776   \n",
       "B                 0.150520    0.074438    -0.311795      0.150107   \n",
       "LSTAT            -0.033539   -0.151724     0.331269     -0.195353   \n",
       "RAD_(0, 3]       -0.231778   -0.238498    -0.354064      0.481618   \n",
       "RAD_(3, 4]        1.000000   -0.285831    -0.424332     -0.083771   \n",
       "RAD_(4, 5]       -0.285831    1.000000    -0.436634     -0.023111   \n",
       "RAD_(5, 24]      -0.424332   -0.436634     1.000000     -0.272762   \n",
       "TAX_(0, 250]     -0.083771   -0.023111    -0.272762      1.000000   \n",
       "TAX_(250, 300]    0.090541    0.147468    -0.256306     -0.200886   \n",
       "TAX_(300, 360]    0.288214   -0.152844    -0.088277     -0.198434   \n",
       "TAX_(360, 460]   -0.008002    0.403455    -0.210953     -0.191040   \n",
       "TAX_(460, 712]   -0.268957   -0.332106     0.706098     -0.243332   \n",
       "\n",
       "                TAX_(250, 300]  TAX_(300, 360]  TAX_(360, 460]  TAX_(460, 712]  \n",
       "CRIM                 -0.202608       -0.186193       -0.155891        0.612627  \n",
       "ZN                    0.140942        0.151576       -0.084612       -0.284384  \n",
       "INDUS                -0.330365       -0.332186        0.179166        0.644249  \n",
       "CHAS                  0.074966       -0.038702        0.008553       -0.027027  \n",
       "NOX                  -0.282659       -0.311681        0.180592        0.600519  \n",
       "RM                    0.168673        0.059543       -0.076881       -0.243649  \n",
       "AGE                  -0.231845       -0.205463        0.126656        0.459175  \n",
       "DIS                   0.159853        0.392246       -0.179574       -0.495579  \n",
       "PTRATIO              -0.265111       -0.050772       -0.174969        0.494745  \n",
       "B                     0.194231        0.133179        0.028226       -0.435540  \n",
       "LSTAT                -0.267393       -0.158346        0.022721        0.514464  \n",
       "RAD_(0, 3]            0.070704       -0.031767       -0.170229       -0.257260  \n",
       "RAD_(3, 4]            0.090541        0.288214       -0.008002       -0.268957  \n",
       "RAD_(4, 5]            0.147468       -0.152844        0.403455       -0.332106  \n",
       "RAD_(5, 24]          -0.256306       -0.088277       -0.210953        0.706098  \n",
       "TAX_(0, 250]         -0.200886       -0.198434       -0.191040       -0.243332  \n",
       "TAX_(250, 300]        1.000000       -0.252464       -0.243056       -0.309586  \n",
       "TAX_(300, 360]       -0.252464        1.000000       -0.240090       -0.305808  \n",
       "TAX_(360, 460]       -0.243056       -0.240090        1.000000       -0.294413  \n",
       "TAX_(460, 712]       -0.309586       -0.305808       -0.294413        1.000000  "
      ]
     },
     "execution_count": 4,
     "metadata": {},
     "output_type": "execute_result"
    }
   ],
   "source": [
    "boston_features.corr()"
   ]
  },
  {
   "cell_type": "markdown",
   "metadata": {},
   "source": [
    "This took a while to load. Not surprisingly, the categorical variables didn't really provide any meaningful result. remove the categorical columns associated with \"RAD\" and \"TAX\" from the data again and look at the scatter matrix again."
   ]
  },
  {
   "cell_type": "code",
   "execution_count": 9,
   "metadata": {},
   "outputs": [],
   "source": [
    "boston_cont = boston_features.iloc[:,0:11]"
   ]
  },
  {
   "cell_type": "code",
   "execution_count": 8,
   "metadata": {},
   "outputs": [
    {
     "data": {
      "text/html": [
       "<div>\n",
       "<style scoped>\n",
       "    .dataframe tbody tr th:only-of-type {\n",
       "        vertical-align: middle;\n",
       "    }\n",
       "\n",
       "    .dataframe tbody tr th {\n",
       "        vertical-align: top;\n",
       "    }\n",
       "\n",
       "    .dataframe thead th {\n",
       "        text-align: right;\n",
       "    }\n",
       "</style>\n",
       "<table border=\"1\" class=\"dataframe\">\n",
       "  <thead>\n",
       "    <tr style=\"text-align: right;\">\n",
       "      <th></th>\n",
       "      <th>CRIM</th>\n",
       "      <th>ZN</th>\n",
       "      <th>INDUS</th>\n",
       "      <th>CHAS</th>\n",
       "      <th>NOX</th>\n",
       "      <th>RM</th>\n",
       "      <th>AGE</th>\n",
       "      <th>DIS</th>\n",
       "      <th>PTRATIO</th>\n",
       "      <th>B</th>\n",
       "      <th>LSTAT</th>\n",
       "      <th>RAD_(0, 3]</th>\n",
       "    </tr>\n",
       "  </thead>\n",
       "  <tbody>\n",
       "    <tr>\n",
       "      <th>CRIM</th>\n",
       "      <td>1.000000</td>\n",
       "      <td>-0.200469</td>\n",
       "      <td>0.406583</td>\n",
       "      <td>-0.055892</td>\n",
       "      <td>0.420972</td>\n",
       "      <td>-0.219247</td>\n",
       "      <td>0.352734</td>\n",
       "      <td>-0.379670</td>\n",
       "      <td>0.289946</td>\n",
       "      <td>-0.385064</td>\n",
       "      <td>0.455621</td>\n",
       "      <td>-0.180924</td>\n",
       "    </tr>\n",
       "    <tr>\n",
       "      <th>ZN</th>\n",
       "      <td>-0.200469</td>\n",
       "      <td>1.000000</td>\n",
       "      <td>-0.533828</td>\n",
       "      <td>-0.042697</td>\n",
       "      <td>-0.516604</td>\n",
       "      <td>0.311991</td>\n",
       "      <td>-0.569537</td>\n",
       "      <td>0.664408</td>\n",
       "      <td>-0.391679</td>\n",
       "      <td>0.175520</td>\n",
       "      <td>-0.412995</td>\n",
       "      <td>0.225272</td>\n",
       "    </tr>\n",
       "    <tr>\n",
       "      <th>INDUS</th>\n",
       "      <td>0.406583</td>\n",
       "      <td>-0.533828</td>\n",
       "      <td>1.000000</td>\n",
       "      <td>0.062938</td>\n",
       "      <td>0.763651</td>\n",
       "      <td>-0.391676</td>\n",
       "      <td>0.644779</td>\n",
       "      <td>-0.708027</td>\n",
       "      <td>0.383248</td>\n",
       "      <td>-0.356977</td>\n",
       "      <td>0.603800</td>\n",
       "      <td>-0.323051</td>\n",
       "    </tr>\n",
       "    <tr>\n",
       "      <th>CHAS</th>\n",
       "      <td>-0.055892</td>\n",
       "      <td>-0.042697</td>\n",
       "      <td>0.062938</td>\n",
       "      <td>1.000000</td>\n",
       "      <td>0.091203</td>\n",
       "      <td>0.091251</td>\n",
       "      <td>0.086518</td>\n",
       "      <td>-0.099176</td>\n",
       "      <td>-0.121515</td>\n",
       "      <td>0.048788</td>\n",
       "      <td>-0.053929</td>\n",
       "      <td>-0.056473</td>\n",
       "    </tr>\n",
       "    <tr>\n",
       "      <th>NOX</th>\n",
       "      <td>0.420972</td>\n",
       "      <td>-0.516604</td>\n",
       "      <td>0.763651</td>\n",
       "      <td>0.091203</td>\n",
       "      <td>1.000000</td>\n",
       "      <td>-0.302188</td>\n",
       "      <td>0.731470</td>\n",
       "      <td>-0.769230</td>\n",
       "      <td>0.188933</td>\n",
       "      <td>-0.380051</td>\n",
       "      <td>0.590879</td>\n",
       "      <td>-0.342690</td>\n",
       "    </tr>\n",
       "    <tr>\n",
       "      <th>RM</th>\n",
       "      <td>-0.219247</td>\n",
       "      <td>0.311991</td>\n",
       "      <td>-0.391676</td>\n",
       "      <td>0.091251</td>\n",
       "      <td>-0.302188</td>\n",
       "      <td>1.000000</td>\n",
       "      <td>-0.240265</td>\n",
       "      <td>0.205246</td>\n",
       "      <td>-0.355501</td>\n",
       "      <td>0.128069</td>\n",
       "      <td>-0.613808</td>\n",
       "      <td>0.163132</td>\n",
       "    </tr>\n",
       "    <tr>\n",
       "      <th>AGE</th>\n",
       "      <td>0.352734</td>\n",
       "      <td>-0.569537</td>\n",
       "      <td>0.644779</td>\n",
       "      <td>0.086518</td>\n",
       "      <td>0.731470</td>\n",
       "      <td>-0.240265</td>\n",
       "      <td>1.000000</td>\n",
       "      <td>-0.747881</td>\n",
       "      <td>0.261515</td>\n",
       "      <td>-0.273534</td>\n",
       "      <td>0.602339</td>\n",
       "      <td>-0.246847</td>\n",
       "    </tr>\n",
       "    <tr>\n",
       "      <th>DIS</th>\n",
       "      <td>-0.379670</td>\n",
       "      <td>0.664408</td>\n",
       "      <td>-0.708027</td>\n",
       "      <td>-0.099176</td>\n",
       "      <td>-0.769230</td>\n",
       "      <td>0.205246</td>\n",
       "      <td>-0.747881</td>\n",
       "      <td>1.000000</td>\n",
